id <- c("ext1","ext2","ext76","ext4","ext5","ext82","ext11","ext12","ext13","ext14","ext88","ext148","ext15","ext89","ext16","ext17","ext91","ext18","ext92","ext149","ext19","ext93","ext20","ext94","ext150","ext21","ext95","ext151","ext22","ext96","ext23","ext152","ext153","ext154","ext24","ext27","ext102","ext28","ext103","ext155","ext29","ext30","ext31","ext106","ext156","ext32","ext107","ext157","ext33","ext108","ext158","ext34","ext109","ext35","ext110","ext36","ext111","ext37","ext112","ext38","ext113","ext39","ext114","ext40","ext115","ext159","ext41","ext116","ext160","ext161","ext42","ext117","ext162","ext163","ext164","ext43","ext118","ext165","ext166","ext167","ext44","ext119","ext168","ext169","ext170","ext45","ext120","ext171","ext46","ext121","ext47","ext122","ext172","ext48","ext123","ext173","ext49","ext124","ext174","ext175","ext176","ext50","ext125","ext177","ext178","ext179","ext51","ext126","ext180","ext181","ext182","ext183","ext52","ext127","ext184","ext185","ext186","ext187","ext53","ext128","ext188","ext189","ext190","ext191","ext54","ext129","ext55","ext130","ext192","ext56","ext131","ext193","ext194","ext195","ext196","ext197","ext198","ext199","ext57",311,"ext132","ext200","ext201","ext202","ext203","ext204","ext205","ext206","ext58",1,2,134,217,225,254,257,265,307,136,203,219,297,298,86,230,250,251,256,271,306,259,264,267,272,273,274,277,294,302,310,252,255,261,266,295,170,209,212,253,263,269,282,283,284,285,286,289,290,194,206,226,228,233,234,237,262,268,270,288,2565,185,208,229,235,236,275,87,89,91,147,178,181,186,187,190,196,211,216,222,26,98,99,111,115,120,139,142,163,164,165,169,172,174,184,192,193,8,29,61,83,95,97,155,166,179,180,200,204,205,207,28,101,103,109,117,173,188,199,201,202,77,104,116,145,148,157,158,168,171,175,177,182,183,195,197,198,41,62,113,140,144,146,149,150,151,156,161,162,167,27,31,44,106,121,125,128,130,131,132,133,138,143,1092,1093,22,47,49,58,59,60,63,64,67,82,88,90,92,96,100,102,108,112,114,119,127,141,7,42,43,46,52,54,56,57,70,71,74,75,78,84,85,93,105,107,110,118,159,2566,12,39,48,50,65,68,69,72,76,79,80,81,11,13,21,33,34,45,55,73,9,10,14,15,16,17,18,19,24,25,32,35,36,37,38,40,23,"ext133","ext507","ext508","ext509","ext510","ext511","ext512","ext513","ext514","ext59","ext555","ext556","ext557","ext558","ext559","ext560","ext561","ext562","ext563","ext134","ext515","ext516","ext517","ext518","ext519","ext520","ext521","ext522","ext60","ext564","ext565","ext566","ext567","ext568","ext569","ext570","ext571","ext572","ext135","ext523","ext524","ext525","ext526","ext527","ext528","ext529","ext530","ext61","ext573","ext574","ext575","ext576","ext577","ext578","ext579","ext580","ext581","ext136","ext531","ext532","ext533","ext534","ext535","ext536","ext537","ext538","ext62","ext582","ext583","ext584","ext585","ext586","ext587","ext588","ext589","ext590","ext591","ext137","ext539","ext540","ext541","ext542","ext543","ext544","ext545","ext546","ext63","ext592","ext593","ext594","ext595","ext596","ext597","ext598","ext599","ext600","ext601","ext138","ext547","ext548","ext549","ext550","ext551","ext552","ext553","ext554","ext64","ext602","ext603","ext604","ext605","ext606","ext607","ext608","ext609","ext610","ext611","ext139","ext207","ext208","ext209","ext210","ext211","ext212","ext213","ext214","ext215","ext216","ext217","ext218","ext219","ext220","ext221","ext222","ext223","ext224","ext225","ext226","ext227","ext228","ext229","ext230","ext231","ext232","ext233","ext234","ext235","ext236","ext237","ext238","ext239","ext65","ext240","ext241","ext242","ext243","ext244","ext245","ext246","ext66","ext247","ext248","ext249","ext250","ext251","ext252","ext253","ext254","ext255","ext256","ext67","ext257","ext258","ext259","ext260","ext261","ext262","ext263","ext264","ext265","ext266","ext267","ext268","ext269","ext270","ext271","ext272","ext68","ext143","ext273","ext274","ext275","ext276","ext277","ext278","ext279","ext280","ext281","ext282","ext283","ext284","ext285","ext286","ext287","ext288","ext289","ext290","ext69","ext291","ext292","ext293","ext294","ext70","ext145","ext295","ext296","ext297","ext298","ext299","ext300","ext301","ext302","ext303","ext304","ext305","ext306","ext307","ext308","ext309","ext310","ext311","ext312","ext313","ext314","ext315","ext316","ext317","ext318","ext319","ext320","ext321","ext322","ext323","ext324","ext325","ext326","ext327","ext328","ext329","ext330","ext331","ext332","ext333","ext334","ext335","ext336","ext337","ext338","ext339","ext340","ext341","ext342","ext343","ext344","ext345","ext346","ext347","ext348","ext349","ext350","ext351","ext352","ext353","ext354","ext355","ext356","ext357","ext358","ext359","ext360","ext361","ext362","ext71","ext146","ext363","ext364","ext365","ext366","ext367","ext368","ext369","ext370","ext371","ext372","ext373","ext374","ext375","ext376","ext377","ext378","ext379","ext380","ext381","ext382","ext383","ext384","ext385","ext386","ext387","ext388","ext389","ext390","ext391","ext392","ext393","ext394","ext395","ext396","ext397","ext398","ext399","ext400","ext401","ext402","ext403","ext404","ext405","ext406","ext407","ext408","ext409","ext410","ext411","ext412","ext413","ext414","ext415","ext416","ext417","ext418","ext419","ext420","ext421","ext422","ext423","ext424","ext425","ext426","ext427","ext428","ext429","ext430","ext431","ext432","ext72","ext147","ext433","ext434","ext435","ext436","ext437","ext438","ext439","ext440","ext441","ext442","ext443","ext444","ext445","ext446","ext447","ext448","ext449","ext450","ext451","ext452","ext453","ext454","ext455","ext456","ext457","ext458","ext459","ext460","ext461","ext462","ext463","ext464","ext465","ext466","ext467","ext468","ext469","ext470","ext471","ext472","ext473","ext474","ext475","ext476","ext477","ext478","ext479","ext480","ext481","ext482","ext483","ext484","ext485","ext486","ext487","ext488","ext489","ext490","ext491","ext492","ext493","ext494","ext495","ext496","ext497","ext498","ext499","ext500","ext501","ext502","ext503","ext504","ext505","ext506","ext73","ext612","ext613","ext614","ext615","ext616","ext617","ext618","ext619","ext620","ext621","ext622","ext623","ext624","ext625","ext626","ext627","ext628","ext629","ext630","ext631","ext632","ext633","ext634","ext635","ext636","ext637","ext638","ext639","ext640","ext641","ext642","ext643","ext644","ext645","ext646","ext647","ext648","ext649","ext650","ext651","ext652","ext653","ext654","ext655","ext656","ext657","ext658","ext659","ext660","ext661","ext662","ext663","ext664","ext665","ext666","ext667","ext668","ext669","ext670","ext671","ext672","ext673","ext674","ext675","ext676","ext677","ext678","ext679","ext680","ext681","ext682","ext683","ext684","ext685","ext686","ext687","ext688","ext689","ext690","ext691","ext692","ext693","ext694","ext695","ext696","ext697","ext698","ext699","ext700","ext701","ext702","ext703","ext704","ext705","ext706","ext707","ext708","ext709","ext710","ext711","ext712","ext713","ext714","ext715","ext716","ext717","ext718","ext719","ext720","ext721","ext722","ext723","ext724","ext725","ext726","ext727","ext728","ext729","ext730","ext731","ext732","ext733","ext734","ext735","ext736","ext737","ext738","ext739","ext740","ext741","ext742","ext743","ext744","ext745","ext746","ext747","ext748","ext749","ext750","ext751","ext752","ext753","ext754","ext755","ext756","ext757","ext758","ext759","ext760","ext761","ext762","ext763","ext764","ext765","ext766","ext767","ext768","ext769","ext770","ext771","ext772","ext773","ext774","ext775","ext776","ext777","ext778","ext779","ext780","ext781","ext782","ext783","ext784","ext785","ext786","ext787","ext788","ext789","ext790","ext791","ext792","ext793","ext794","ext795","ext796","ext797","ext798","ext799","ext800","ext801","ext802","ext803","ext804","ext805","ext806","ext807","ext808","ext809","ext810","ext811","ext812","ext813","ext814","ext815","ext816","ext817","ext818","ext819","ext820","ext821","ext822","ext823","ext824","ext825","ext826","ext827","ext828","ext829",